4.375062221661766060e+00
4.384293053980115928e+00
4.388563817450482851e+00
4.389124167412267852e+00
4.395435692934511529e+00
4.397960129809921348e+00
4.398892076629162595e+00
4.400182230528269400e+00
4.400496667102339998e+00
4.401179200074030184e+00
4.401816344440603324e+00
4.402821130039149544e+00
4.403542679524986347e+00
4.403688728004288677e+00
4.404086077193261950e+00
4.404339028031182934e+00
4.405803512478541961e+00
4.406449427905463345e+00
4.407013116387182627e+00
4.407246976051244935e+00
4.407611893914848977e+00
4.407633808556648880e+00
4.408064516129032384e+00
4.408192478136397696e+00
4.408312861031803642e+00
4.408666530690124929e+00
4.409100615249102795e+00
4.409529753920931050e+00
4.410076242594905160e+00
4.410851643840115521e+00
4.411014496566602716e+00
4.411165612749443632e+00
4.411338023989607393e+00
4.411416699643846862e+00
4.412228287841190699e+00
4.412240131730006176e+00
4.412857427187686810e+00
4.413159699336222985e+00
4.413365777121810218e+00
4.413492912806843194e+00
4.413510957064710638e+00
4.413664284155751183e+00
4.413667516471873498e+00
4.413829351174813453e+00
4.413871532943237419e+00
4.413903729137115484e+00
4.414138493085861370e+00
4.414443931702814794e+00
4.414496693898559698e+00
4.414536225196123986e+00
4.414601438319243343e+00
4.414667869346799556e+00
4.415377840292886269e+00
4.416183242629029060e+00
4.416912396694215204e+00
4.417189348525806025e+00
4.417265140393339173e+00
4.417605383877285519e+00
4.417713762362537544e+00
4.417851448312516638e+00
4.417889238299496313e+00
4.417954349102084954e+00
4.418496888842016190e+00
4.418669732304154607e+00
4.419426486336413440e+00
4.419842125809717359e+00
4.421581517035432007e+00
4.422521953210369006e+00
4.423043227142050782e+00
4.423633382284182680e+00
4.423891757165747229e+00
4.424021957529514992e+00
4.424722286317038566e+00
4.424932499176819078e+00
4.425884722734214627e+00
4.426018334313718938e+00
4.426207130774405307e+00
4.426215928365745178e+00
4.428148080006307552e+00
4.428673300275336899e+00
4.429474060680720804e+00
4.429531885665979551e+00
4.430127401148590494e+00
4.430719027349224071e+00
4.430954202500923422e+00
4.431336715641967849e+00
4.431493070345008611e+00
4.431728747421083803e+00
4.432475947378755166e+00
4.432679970786206347e+00
4.432759441188549587e+00
4.432813473081663069e+00
4.432949864889681457e+00
4.433693953837938295e+00
4.433943797049279212e+00
4.434726755541573695e+00
4.435511152355190667e+00
4.438329260923254971e+00
4.444075798308307235e+00
4.446290376574530079e+00
